150
32 32
-176 -240
32 32
-144 -240
32 32
560 -240
32 32
-144 -208
32 32
-112 -208
32 32
-80 -208
32 32
-48 -208
32 32
-16 -208
32 32
16 -208
32 32
48 -208
32 32
80 -208
32 32
112 -208
32 32
144 -208
32 32
176 -208
32 32
208 -208
32 32
240 -208
32 32
272 -208
32 32
304 -208
32 32
336 -208
32 32
368 -208
32 32
400 -208
32 32
432 -208
32 32
464 -208
32 32
496 -208
32 32
528 -208
32 32
560 -208
32 32
-144 -176
32 32
560 -176
32 32
-144 -144
32 32
560 -144
32 32
-144 -112
32 32
560 -112
32 32
-144 -80
32 32
560 -80
32 32
-144 -48
32 32
560 -48
32 32
-144 -16
32 32
16 -16
32 32
48 -16
32 32
80 -16
32 32
112 -16
32 32
144 -16
32 32
272 -16
32 32
304 -16
32 32
336 -16
32 32
368 -16
32 32
400 -16
32 32
560 -16
32 32
-144 16
32 32
16 16
32 32
48 16
32 32
80 16
32 32
112 16
32 32
144 16
32 32
272 16
32 32
304 16
32 32
336 16
32 32
368 16
32 32
400 16
32 32
560 16
32 32
-144 48
32 32
16 48
32 32
48 48
32 32
368 48
32 32
400 48
32 32
560 48
32 32
-144 80
32 32
368 80
32 32
400 80
32 32
560 80
32 32
-144 112
32 32
368 112
32 32
400 112
32 32
560 112
32 32
-144 144
32 32
-16 144
32 32
16 144
32 32
48 144
32 32
560 144
32 32
-144 176
32 32
-16 176
32 32
16 176
32 32
48 176
32 32
560 176
32 32
-144 208
32 32
-16 208
32 32
16 208
32 32
368 208
32 32
400 208
32 32
560 208
32 32
-144 240
32 32
-16 240
32 32
16 240
32 32
368 240
32 32
400 240
32 32
560 240
32 32
-144 272
32 32
-16 272
32 32
16 272
32 32
48 272
32 32
80 272
32 32
304 272
32 32
336 272
32 32
368 272
32 32
400 272
32 32
560 272
32 32
-144 304
32 32
-16 304
32 32
16 304
32 32
48 304
32 32
80 304
32 32
304 304
32 32
336 304
32 32
368 304
32 32
400 304
32 32
560 304
32 32
-144 336
32 32
560 336
32 32
-144 368
32 32
560 368
32 32
-144 400
32 32
560 400
32 32
-144 432
32 32
560 432
32 32
-144 464
32 32
560 464
32 32
-144 496
32 32
-112 496
32 32
-80 496
32 32
-48 496
32 32
-16 496
32 32
16 496
32 32
48 496
32 32
80 496
32 32
112 496
32 32
144 496
32 32
176 496
32 32
208 496
32 32
240 496
32 32
272 496
32 32
304 496
32 32
336 496
32 32
368 496
32 32
400 496
32 32
432 496
32 32
464 496
32 32
496 496
32 32
528 496
32 32
560 496
32 32
80 528
